CAMERA_POSE: [-0.0497, 0.4481, 0.3833, 0.4536, -0.7001, 0.0654, 0.5475] #相机识别时的位置和四元数

#MIDDLE_POSE: [-0.35496,-0.001258,0.229276,0.316796,0.6104,-0.65167,0.319855] #识别物体后过渡位置和四元数
MIDDLE_POSE: [0.1733, 0.5030, 0.2512, 0.5391, -0.7205, 0.2952, 0.3210] #识别物体后过渡位置和四元数


CRAW_BEFORE: [0.5687317123, 0.43448958209489674, -0.3871068, 0.581301384107] #傲意灵巧手抓取时姿态

SPEED: 0.2 #抓取时机械臂运动速度

CAMERA_ID: "335522073266" #右臂d435相机ID

